"0","knitr::opts_chunk$set(echo = TRUE)"
"0","library(tidyverse)"
"0","library(tidymodels)"
"0","library(gains)"
"0","library(car)"
"0","library(ROCR)"
"0","library(reshape2)"
"0","library(readr)"
"0","library(gridExtra)"
